  Struc_ID    Select 1      Select 2      Select 3      Select 4  
         0    4.07646773    3.72645172    3.84319014    3.96371319
         1    4.00196572                                          
         2    3.99557862    5.17215764                            
         3    4.01057589    3.86437518    3.79304940    2.28428157
         4    4.10346807    4.24050857    4.01010737              
         5                                                        
         6                                                        
         7    4.09741581    2.73419592    3.81356058              
         8    4.10624257    4.08422116                            
         9    4.11439175                                          
