  Struc_ID    Select 1      Select 2      Select 3      Select 4  
         0    3.93657178    3.79656577    3.72409342    3.55439953
         1    3.93657178                                          
         2    3.93657178    3.71481985                            
         3    3.93657178    3.67633685    3.52511067    3.55439953
         4    3.93657178    3.85408755    3.88051956              
         5                                                        
         6                                                        
         7    3.93657178    3.38782284    3.61186681              
         8    3.93657178    3.78830345                            
         9    3.93657178                                          
