  Struc_ID    Select 1      Select 2      Select 3      Select 4  
         0    0.01437196    0.24639974    0.29699688    0.34208276
         1    0.01437196                                          
         2    0.01437196    0.53828032                            
         3    0.01437196    0.12302274    0.19004040    0.34208276
         4    0.01437196    0.28958184    0.38071555              
         5                                                        
         6                                                        
         7    0.01437196    0.30843873    0.30789347              
         8    0.01437196    0.47154944                            
         9    0.01437196                                          
