  Struc_ID    E(eV/atom)
         0   -2.57440813   -3.18188306   -3.23903975   -3.25142094   -3.27178450   -3.29302200   -3.29910025   -3.30284038   -3.30494006   -3.30902681   -3.31291900   -3.31444413   -3.31602675   -3.31841756   -3.31981894   -3.32045206   -3.32084925   -3.32147256   -3.32185812   -3.32173381
         1   -2.93515750   -3.11552613   -3.16392756   -3.17832369   -3.19535206   -3.21175000   -3.25078556   -3.28934369   -3.29940744   -3.30364287   -3.30755769   -3.30875375   -3.31017531   -3.31105562   -3.31140013   -3.31149688   -3.31160206   -3.31167506   -3.31171612
         2   -2.45140719   -2.94551331   -3.01830913   -3.03062238   -3.03462625   -3.03704994   -3.03927438   -3.04136269   -3.04268300   -3.04374094   -3.04512275   -3.04512275
         3   -2.69325500   -2.68726894
         4   -2.77575631   -3.02576106   -3.04463569   -3.04789219   -3.04902488   -3.05207563   -3.05554625   -3.06757269   -3.08029806   -3.10648881   -3.11308887   -3.11845763   -3.12006412   -3.12014444   -3.12061944   -3.12126125   -3.12131662   -3.12144463   -3.12149544   -3.12154831
         5   -2.81228612   -2.88554200
         6   -2.78906981   -2.99735525   -3.13613075   -3.20926750   -3.22747294   -3.22964231   -3.23434587   -3.25386125   -3.26941219   -3.27655031   -3.28776194   -3.31294481   -3.31699988   -3.31742406   -3.31750137
         7   -2.60488525   -2.91795719   -2.97132444   -2.99712556   -3.01150569   -3.01799038   -3.02406819   -3.02970600   -3.03308387   -3.03412350   -3.03497981   -3.03597856   -3.03710594   -3.03753475   -3.03791662   -3.03830894
         8   -1.88826619   -1.98434306   -1.99931725   -2.01003481   -1.98835569   -2.07486644   -2.12032044   -2.43109194   -2.59250981   -2.60167781   -2.60678875   -2.61821056   -2.62753463   -2.62487056   -2.63515481   -2.63560019   -2.63574837   -2.63609525   -2.63674950   -2.63775575   -2.63957000   -2.64262606   -2.64670337   -2.65252381   -2.66209575   -2.66285263   -2.66767519   -2.66500531   -2.66506919   -2.66508944
         9   -2.69475325   -2.96124269   -3.00564581   -3.01832331   -3.03378563   -3.04645294   -3.04960612   -3.05174056   -3.05347606   -3.05493975   -3.05511937   -3.05528800   -3.05530250   -3.05529681
