  Struc_ID            Bias
         0      9.79769092      0.83565876      0.18793991      0.61433152      1.40812114      1.39690021      0.33461541      0.28182014      0.22826045      0.08911803      0.05880533      0.28372519      0.06368531      1.42363059     16.44073812      0.03973271      0.02953653      0.01497531      0.25715124      0.00446621
         1      6.32930557      1.92366000      1.45890895      0.20271918      0.36416514      0.34218922     11.95417616      1.27354511      0.36544390      0.09691380      0.48900372      0.10484986      0.05449953      0.04628009      0.06234859      0.15089236      0.33703291      0.19171826      0.00769134
         2      6.60425802      1.01982857      0.52449896     15.70731818      0.09617069      0.64289840      0.15574757      0.09429091      0.14302642      0.14545539      0.06659376             nan
         3      0.10612951      0.00094301
         4      1.18329057      0.58732472      0.07353730      0.04235937      1.64505526      2.21511591      0.74233550      3.08344303      3.18467891      0.74194889      0.35674890      1.07727301      0.00788534      0.33595020      0.20950398      0.29009169      0.10873160      0.01921627      0.01840642      0.00566177
         5      0.03200041      0.00007542
         6      0.93989526      1.92178482      2.37741296      0.97579012      0.28766215      1.04515027      3.47747233      0.56586198     10.17316608      5.72256317      0.56380113      0.15247383      0.13277245      0.01392269      0.00683692
         7      2.45024324      0.06367830      0.46763987      0.02232163      0.13885213      0.03924193      0.67206836      0.08843323      0.59586778      0.38694614      0.04767619      0.04601674      0.01766656      0.00325104      0.02961665      0.00269938
         8      0.37945205      0.58196951      0.59199100      1.49050698      0.64641325      0.16179633      0.15314283      0.69608437      0.01868111      0.08208730      0.20381595      0.79684003      0.46010396      0.15999971      0.16235126      0.08268203      0.02168194      0.20207168      0.22272881      0.07382197    110.21902051      0.54733892      3.72522893      0.09936739      0.15865481      0.13036975      0.01722743      0.07459765      0.01613095      0.17886959
         9     12.56570806      0.46639601      0.39912366      4.46346291      0.66136481      0.10433754      3.98979654      0.07561375      0.07620870      0.06138246      0.07953747      0.01906948      0.01591304      0.00310359
