  Struc_ID           Score
         0             inf     12.37209904      4.01754183      3.42697966      3.86575246      4.67990564      4.68992221      3.63371566      3.58466051      3.53320051      3.39814484      3.37172433      3.59816932      3.37971206      4.74204815     19.76055706      3.36018477      3.35038578      3.33644788      3.57900937            -inf
         1             inf      9.26446307      5.03918612      4.62283652      3.38104286      3.55951721      3.55393922     15.20496172      4.56288879      3.66485134      3.40055668      3.79656141      3.41360361      3.36467484      3.35733572      3.37374872      3.46238923      3.64863497      3.50339332            -inf
         2             inf      9.05566521      3.96534188      3.54280808     18.73794055      3.13079694      3.67994834      3.19502195      3.13565360      3.18570942      3.18919633      3.11171651            -inf
         3             inf      2.79938451            -inf
         4             inf      3.95904688      3.61308578      3.11817299      3.09025155      4.69408014      5.26719153      3.79788175      6.15101571      6.26497697      3.84843770      3.46983777      4.19573064      3.12794946      3.45609464      3.33012341      3.41135294      3.23004823      3.14066090      3.13990185            -inf
         5             inf      2.84428654            -inf
         6             inf      3.72896507      4.91914007      5.51354371      4.18505762      3.51513509      4.27479258      6.71181821      3.81972323     13.44257827      8.99911349      3.85156306      3.46541864      3.44977232      3.33134676            -inf
         7             inf      5.05512849      2.98163548      3.43896431      3.01944719      3.15035782      3.05723231      3.69613655      3.11813923      3.62895165      3.42106964      3.08265600      3.08199530      3.05477250      3.04078579      3.06753327            -inf
         8             inf      2.26771824      2.56631258      2.59130825      3.50054180      2.63476894      2.23666277      2.27346326      3.12717631      2.61119092      2.68376511      2.81060470      3.41505059      3.08763858      2.78487027      2.79750608      2.71828222      2.65743031      2.83816693      2.85947831      2.71157772    112.85859051      3.18996498      6.37193230      2.75189120      2.82075056      2.79322237      2.68490262      2.73960296      2.68120014            -inf
         9             inf     15.26046131      3.42763870      3.40476948      7.48178622      3.69515044      3.15079048      7.03940266      3.12735432      3.12968476      3.11632221      3.13465684      3.07435748      3.07121554            -inf
