  Struc_ID  Step
         0    10    10    10    10    10    10    10    10    10    10    10    10    10    10    10    10    10    10    10     3
         1    10    10    10    10    10    10    10    10    10    10    10    10    10    10    10    10    10    10     6
         2    10    10    10    10    10    10    10    10    10    10    10     0
         3    10     7
         4    10    10    10    10    10    10    10    10    10    10    10    10    10    10    10    10    10    10    10     3
         5    10     8
         6    10    10    10    10    10    10    10    10    10    10    10    10    10    10     2
         7    10    10    10    10    10    10    10    10    10    10    10    10    10    10    10     9
         8    10    10    10    10    10    10    10    10    10    10    10    10    10    10    10    10    10    10    10    10    10    10    10    10    10    10    10    10    10     7
         9    10    10    10    10    10    10    10    10    10    10    10    10    10     2
