  Struc_ID           Score       E_eV_atom            Bias     Selection          Step
         0            -inf     -3.32173381      0.00446621            20           193
         1            -inf     -3.31171612      0.00769134            19           186
         2            -inf     -3.04512275             nan            12           110
         3            -inf     -2.68726894      0.00094301             2            17
         4            -inf     -3.12154831      0.00566177            20           193
         5            -inf     -2.88554200      0.00007542             2            18
         6            -inf     -3.31750137      0.00683692            15           142
         7            -inf     -3.03830894      0.00269938            16           159
         8            -inf     -2.66508944      0.17886959            30           297
         9            -inf     -3.05529681      0.00310359            14           132
