 Selection     ID
         1      9      0
         2      1      2
         3      7      1
         4      1      0
         5      2      4
         6      6      4
         7      6      2
         8      2      6
         9      6      9
        10      6      0
        11      6      0
        12      6      0
        13      0      6
        14      6      0
        15      6      0
        16      6      0
        17      6      9
        18      9      6
        19      9      0
        20      1      0
        21      0      1
        22      1      0
        23      1      0
        24      0      1
        25      1      0
        26      1      0
        27      1      0
        28      0      1
        29      1      6
        30      1      9
        31      9      1
        32      1      2
        33      2      1
        34      1      2
        35      2      9
        36      2      9
        37      2      4
        38      9      2
        39      9      4
        40      4      9
        41      4      9
        42      4      7
        43      4      7
        44      4      7
        45      4      7
        46      4      7
        47      4      7
        48      4      7
        49      7      4
        50      7      4
        51      4      7
        52      4      7
        53      4      7
        54      4      7
        55      7      5
        56      3      8
        57      8
        58      8
        59      8
        60      8
        61      8
        62      8
        63      8
        64      8
        65      8
        66      8
        67      8
        68      8
        69      8
        70      8
        71      8
        72      8
        73      8
        74      8
        75      8
        76      8
        77      8
        78      8
        79      8
        80      8
        81      8
        82      8
        83      8
        84      8
