  Struc_ID    k-points
         0  [[4, 4, 4], [6, 6, 6], [6, 6, 6], [6, 6, 6]]
         1  [[2, 2, 4], [4, 4, 4], [6, 6, 4], [6, 6, 4]]
         2  [[4, 4, 4], [6, 6, 6], [6, 6, 6], [6, 6, 6]]
         3  [[4, 4, 4], [6, 6, 4], [8, 8, 2], [8, 8, 2]]
         4  [[2, 2, 4], [4, 4, 4], [6, 6, 6], [6, 6, 6]]
         5  [[4, 4, 4], [6, 6, 6], [6, 6, 6], [6, 6, 6]]
         6  [[4, 4, 4], [6, 6, 6], [4, 4, 8], [4, 4, 8]]
         7  [[6, 6, 4], ['skip']]
         8  [[4, 4, 4], [6, 4, 4], [6, 6, 6], [6, 6, 6]]
         9  [[6, 6, 4], ['skip']]
        10  [[4, 4, 4], [6, 6, 6], [6, 6, 6], [6, 6, 6]]
        11  [[6, 6, 4], ['skip']]
        12  [[6, 6, 6], [8, 8, 8], [6, 6, 6], [6, 6, 6]]
        13  [[4, 4, 4], [6, 6, 6], [6, 6, 6], [6, 6, 6]]
        14  [[4, 4, 4], [6, 6, 6], [6, 6, 6], [6, 6, 6]]
        15  [[6, 4, 4], [6, 6, 6], [6, 6, 6], [6, 6, 6]]
        16  [[6, 4, 4], [6, 6, 6], [6, 6, 6], [6, 6, 6]]
        17  [[4, 4, 4], [6, 6, 6], [6, 6, 6], [6, 6, 6]]
        18  [[4, 4, 2], [6, 4, 4], [6, 4, 4], [6, 4, 4]]
        19  [[4, 4, 4], [4, 4, 4], [4, 4, 6], [4, 4, 6]]
