# ID 0
CELL_PARAMETERS angstrom
-3.261197 3.261231 3.261231
3.261231 -3.261197 3.261231
3.261231 3.261231 -3.261197
ATOMIC_POSITIONS crystal
Si  1.713089 1.713089 1.713089
Si  -1.213051 0.500093 0.000079
Si  1.000079 -1.213051 0.500093
Si  0.500093 0.000079 -1.213051
Si  1.213188 1.213188 1.213188
Si  -0.713197 0.499905 -0.000105
Si  0.999895 -0.713197 0.499905
Si  0.499905 -0.000105 -0.713197
# ID 1
CELL_PARAMETERS angstrom
5.767903 0.000000 0.000000
-0.000000 5.767903 0.000000
0.000000 0.000000 5.370502
ATOMIC_POSITIONS crystal
Si  0.290452 -0.000196 0.250081
Si  -0.290452 0.000196 0.250081
Si  0.000196 0.290452 0.250081
Si  -0.000196 -0.290452 0.250081
Si  -0.290452 0.000196 -0.250081
Si  0.290452 -0.000196 -0.250081
Si  -0.000196 -0.290452 -0.250081
Si  0.000196 0.290452 -0.250081
# ID 2
CELL_PARAMETERS angstrom
7.764733 -0.000474 -0.000000
-3.882777 6.724219 0.000000
-0.000000 -0.000000 6.742314
ATOMIC_POSITIONS crystal
Si  0.000000 0.000000 0.152464
Si  0.000000 0.000000 0.464459
Si  0.500000 0.000000 0.168269
Si  0.500000 0.500000 0.168269
Si  -0.000000 0.500000 0.168269
Si  0.500000 0.000000 0.481293
Si  0.500000 0.500000 0.481293
Si  -0.000000 0.500000 0.481293
# ID 4
CELL_PARAMETERS angstrom
5.469029 0.000000 0.000000
0.000000 5.469029 0.000000
0.000000 0.000000 5.469029
ATOMIC_POSITIONS crystal
Si  0.250017 0.250017 0.250017
Si  0.750017 0.249983 -0.250017
Si  -0.250017 0.750017 0.249983
Si  0.249983 -0.250017 0.750017
Si  1.000017 0.500017 -0.000017
Si  0.499983 0.499983 0.499983
Si  0.500017 -0.000017 1.000017
Si  -0.000017 1.000017 0.500017
# ID 5
CELL_PARAMETERS angstrom
3.708109 0.000000 0.000000
0.000000 3.043618 0.000000
0.000000 0.000000 10.684117
ATOMIC_POSITIONS crystal
Si  0.132194 1.016189 0.498247
Si  0.632194 -0.516189 -0.498247
Si  -0.132194 1.516189 0.001753
Si  0.367806 -1.016189 0.998247
Si  0.739581 0.610952 0.251157
Si  1.239581 -0.110952 -0.251157
Si  -0.739581 1.110952 0.248843
Si  -0.239581 -0.610952 0.751157
# ID 7
CELL_PARAMETERS angstrom
6.698811 -0.000000 0.000000
-3.349405 5.801340 -0.000000
0.000000 0.000000 9.432555
ATOMIC_POSITIONS crystal
Si  0.797874 -0.797874 0.120840
Si  1.595748 0.797874 0.120840
Si  0.797874 1.595748 0.120840
Si  -0.797874 0.797874 0.120840
Si  -1.595748 -0.797874 0.120840
Si  -0.797874 -1.595748 0.120840
Si  0.333333 0.666667 0.315809
Si  0.666667 0.333333 0.315809
# ID 8
CELL_PARAMETERS angstrom
8.750763 0.000000 0.000000
0.000000 8.750763 0.000000
0.000000 0.000000 8.823048
ATOMIC_POSITIONS crystal
Si  0.000000 0.500000 0.875003
Si  0.000000 0.500000 -0.375003
Si  0.500000 0.000000 -0.375003
Si  0.500000 0.000000 0.875003
Si  0.000000 0.500000 -0.875003
Si  0.000000 0.500000 1.375003
Si  0.500000 0.000000 1.375003
Si  0.500000 0.000000 -0.875003
# ID 9
CELL_PARAMETERS angstrom
7.501666 -0.000000 -0.000000
-3.750832 6.496633 -0.000000
-0.000000 -0.000000 2.456051
ATOMIC_POSITIONS crystal
Si  0.333333 0.666667 0.597036
Si  0.666667 0.333333 -0.597036
Si  0.339468 -0.000000 -0.000000
Si  -0.000000 0.339468 -0.000000
Si  -0.339468 -0.339468 -0.000000
Si  -0.339468 0.000000 0.000000
Si  0.000000 -0.339468 0.000000
Si  0.339468 0.339468 0.000000
# ID 10
CELL_PARAMETERS angstrom
-3.326349 3.260693 3.354627
3.350002 -3.267567 3.323050
3.327141 3.261339 -3.348054
ATOMIC_POSITIONS crystal
Si  1.041275 0.311095 1.036799
Si  -0.762933 0.004148 -0.965787
Si  1.044208 -0.489880 -0.267288
Si  0.740062 1.202618 1.229269
Si  1.469769 0.503965 0.767212
Si  -0.225901 0.811752 -0.729437
Si  1.277124 0.010020 -0.534039
Si  1.473179 1.703067 1.463271
# ID 3
CELL_PARAMETERS angstrom
2.546261 -5.006970 0.185024
-3.165098 -0.022317 4.247664
1.011700 0.180451 -9.089074
ATOMIC_POSITIONS crystal
Si  1.249781 2.000409 1.625228
Si  -1.250085 -0.998538 -1.123530
Si  1.250136 0.500348 0.125444
Si  -1.249938 -1.498646 0.376653
Si  -1.249781 -2.000409 -1.625228
Si  1.250085 0.998538 1.123530
Si  -1.250136 -0.500348 0.874556
Si  1.249938 1.498646 0.623347
# ID 6
CELL_PARAMETERS angstrom
3.274527 0.000000 1.109679
0.000000 9.175054 0.000000
0.983530 0.000000 6.335932
ATOMIC_POSITIONS crystal
Si  0.286817 0.658493 0.218709
Si  -0.286817 0.658493 -0.218709
Si  0.000000 0.260349 0.000000
Si  0.000000 1.015883 0.000000
Si  0.500000 0.426197 0.000000
Si  -0.000000 0.372610 0.500000
Si  0.000000 0.777113 0.000000
Si  0.500000 0.568444 0.500000
# ID 11
CELL_PARAMETERS angstrom
-3.747082 3.747082 3.747082
3.747082 -3.747082 3.747082
3.747082 3.747082 -3.747082
ATOMIC_POSITIONS crystal
Si  0.680107 0.680107 0.680107
Si  -0.680107 -0.000000 -0.000000
Si  0.000000 -0.680107 0.000000
Si  -0.000000 0.000000 -0.680107
Si  1.319951 1.319951 1.319951
Si  -1.319951 -0.000000 -0.000000
Si  -0.000000 -1.319951 0.000000
Si  -0.000000 -0.000000 -1.319951
# ID 12
CELL_PARAMETERS angstrom
5.349882 0.000000 -0.309134
0.000000 5.090486 0.000000
-2.607416 0.000000 6.781290
ATOMIC_POSITIONS crystal
Si  0.301643 0.221515 0.126969
Si  0.301643 -0.221515 0.626969
Si  0.497604 0.937405 0.963812
Si  0.497604 -0.937405 1.463812
Si  0.826290 0.721677 0.506609
Si  0.826290 -0.721677 1.006609
Si  0.630406 0.562319 0.169823
Si  0.630406 -0.562319 0.669823
# ID 14
CELL_PARAMETERS angstrom
3.570863 -3.561827 -0.000038
-3.570876 0.000055 5.101317
0.000017 -0.000116 -10.202616
ATOMIC_POSITIONS crystal
Si  0.499937 0.499924 0.374873
Si  -0.499937 -0.499924 -0.374873
Si  0.500067 0.500173 0.124966
Si  -0.500067 -0.500173 -0.124966
Si  0.000105 0.500247 1.125021
Si  -0.000030 0.499987 -0.625115
Si  -0.000105 -0.500247 -1.125021
Si  0.000030 -0.499987 0.625115
# ID 18
CELL_PARAMETERS angstrom
6.541100 0.000000 0.000000
0.000000 6.852795 0.000000
0.000000 0.000000 4.763837
ATOMIC_POSITIONS crystal
Si  0.250000 0.250000 0.250000
Si  0.250000 0.750000 0.750000
Si  0.750000 0.250000 0.750000
Si  0.750000 0.750000 0.250000
Si  0.000000 0.500000 0.714515
Si  0.000000 0.500000 -0.714515
Si  0.500000 0.000000 -0.214515
Si  0.500000 0.000000 1.214515
# ID 19
CELL_PARAMETERS angstrom
4.091855 0.000000 0.000000
0.000000 4.448369 0.000000
0.000000 0.000000 7.581030
ATOMIC_POSITIONS crystal
Si  0.000000 0.000000 0.833341
Si  0.500000 0.500000 -0.833341
Si  0.000000 0.000000 0.509886
Si  0.500000 0.500000 -0.509886
Si  0.000000 0.000000 0.152391
Si  0.500000 0.500000 -0.152391
Si  0.000000 0.500000 0.671989
Si  0.500000 0.000000 -0.671989
# ID 13
CELL_PARAMETERS angstrom
7.810058 0.000000 0.000000
0.000000 9.026549 0.000000
0.000000 0.000000 6.755042
ATOMIC_POSITIONS crystal
Si  0.874372 1.000044 0.083649
Si  -0.874372 -1.000044 0.583649
Si  -0.374372 1.000044 0.583649
Si  1.374372 -1.000044 0.083649
Si  0.875629 -0.000004 0.750228
Si  -0.875629 0.000004 1.250228
Si  -0.375629 -0.000004 1.250228
Si  1.375629 0.000004 0.750228
# ID 15
CELL_PARAMETERS angstrom
4.835203 -0.000000 0.000000
0.000000 4.835203 0.000000
0.000000 0.000000 8.134687
ATOMIC_POSITIONS crystal
Si  0.763939 0.757069 0.499974
Si  -0.763939 -0.757069 0.499974
Si  0.757069 -0.763939 -0.499974
Si  -0.757069 0.763939 -0.499974
Si  0.500000 0.500000 0.000000
Si  0.000000 0.000000 0.000000
Si  0.500000 0.500000 0.709672
Si  0.500000 0.500000 -0.709672
# ID 16
CELL_PARAMETERS angstrom
4.009615 -3.950717 0.000693
-4.007500 0.000718 5.287915
-0.003990 -0.001271 -10.578680
ATOMIC_POSITIONS crystal
Si  0.500128 0.500363 0.750151
Si  -0.500128 -0.500363 0.249849
Si  -0.000098 0.000039 0.140345
Si  0.000098 -0.000039 -0.140345
Si  0.000087 0.000670 0.359973
Si  -0.000087 -0.000670 -0.359973
Si  -0.000037 0.499772 0.750080
Si  0.000037 -0.499772 0.249920
# ID 17
CELL_PARAMETERS angstrom
5.114445 -0.000000 0.000000
0.000000 5.114445 0.000000
0.000000 0.000000 4.516474
ATOMIC_POSITIONS crystal
Si  0.000000 0.000000 0.500000
Si  0.500000 0.500000 0.500000
Si  0.000000 0.500000 0.500000
Si  0.500000 -0.000000 0.500000
Si  0.249712 0.749882 -0.000000
Si  -0.249712 0.250118 -0.000000
Si  0.250118 0.249712 0.000000
Si  0.749882 -0.249712 0.000000
