# ID 0
CELL_PARAMETERS angstrom
-2.682500 2.855330 5.179934
2.682500 -2.855330 5.179934
2.682456 2.855291 -5.179934
ATOMIC_POSITIONS crystal
Si  0.892129 0.392129 0.500000
Si  1.392125 0.892125 0.500000
Si  1.163020 0.663020 0.500000
Si  1.663011 1.163011 0.500000
Si  0.874192 0.870934 0.689947
Si  0.180987 0.184245 -0.689947
Si  1.374142 0.684191 0.003249
Si  0.680940 1.370893 -0.003249
# ID 2
CELL_PARAMETERS angstrom
-4.293169 -4.293169 0.000000
-4.293169 0.000000 -4.293169
0.000000 -4.293169 -4.293169
ATOMIC_POSITIONS crystal
Si  0.854531 0.854531 0.854531
Si  0.854531 0.854531 -2.563593
Si  0.854531 -2.563593 0.854531
Si  -2.563593 0.854531 0.854531
Si  2.563593 -0.854531 -0.854531
Si  -0.854531 -0.854531 -0.854531
Si  -0.854531 2.563593 -0.854531
Si  -0.854531 -0.854531 2.563593
# ID 3
CELL_PARAMETERS angstrom
3.858919 -0.000000 -0.000000
-1.929460 3.341922 0.000000
-0.000000 -0.000000 12.668447
ATOMIC_POSITIONS crystal
Si  0.000000 0.000000 0.093285
Si  -0.000000 -0.000000 -0.093285
Si  -0.000000 -0.000000 0.406760
Si  0.000000 -0.000000 0.593240
Si  0.333333 0.666667 0.155907
Si  0.666667 0.333333 -0.155907
Si  0.333333 0.666667 0.344164
Si  0.666667 0.333333 0.655836
# ID 5
CELL_PARAMETERS angstrom
5.057569 0.000000 0.000000
0.000000 5.057569 0.000000
0.000000 0.000000 5.057569
ATOMIC_POSITIONS crystal
Si  0.250048 0.250048 0.250048
Si  0.750074 0.249926 -0.250048
Si  -0.250048 0.750074 0.249926
Si  0.249926 -0.250048 0.750074
Si  -0.250048 -0.250048 -0.250048
Si  0.249926 0.750074 0.250048
Si  0.250048 0.249926 0.750074
Si  0.750074 0.250048 0.249926
# ID 6
CELL_PARAMETERS angstrom
6.813159 0.000000 0.000000
-3.406580 5.900369 -0.000000
-0.000000 0.000000 4.636615
ATOMIC_POSITIONS crystal
Si  -0.000000 0.000000 0.000000
Si  0.212388 0.787612 0.000000
Si  -0.787612 -0.575222 -0.000000
Si  0.575222 -0.212388 0.000000
Si  -0.575222 -0.787612 0.000000
Si  -0.212388 0.575222 0.000000
Si  0.787612 0.212388 0.000000
Si  0.000000 0.000000 0.500000
# ID 4
CELL_PARAMETERS angstrom
5.072377 0.000000 0.000000
0.000000 5.072377 0.000000
0.000000 0.000000 5.032304
ATOMIC_POSITIONS crystal
Si  0.000000 0.000000 -0.000000
Si  0.500000 0.500000 0.500000
Si  0.000000 0.000000 0.500000
Si  0.500000 0.500000 0.000000
Si  0.000000 0.500000 0.499963
Si  0.000000 0.500000 -0.000005
Si  0.500000 0.000000 1.000005
Si  0.500000 0.000000 -0.499963
# ID 8
CELL_PARAMETERS angstrom
5.140035 -0.003476 0.000000
0.003435 5.138177 0.000000
0.000000 0.000000 6.029203
ATOMIC_POSITIONS crystal
Si  0.000000 0.000000 0.490259
Si  0.500000 0.500000 0.990221
Si  0.000000 0.000000 0.990367
Si  0.500000 0.500000 1.490402
Si  0.336540 0.163427 0.240322
Si  -0.336540 -0.163427 0.240322
Si  0.163369 0.663499 0.740307
Si  0.836631 0.336501 0.740307
# ID 9
CELL_PARAMETERS angstrom
4.262516 -4.360622 -0.015084
-4.265081 0.013608 4.270470
0.005755 -0.025774 -8.535859
ATOMIC_POSITIONS crystal
Si  0.287868 0.579557 0.437561
Si  -0.286523 0.009415 -0.141590
Si  0.291051 -0.000143 -0.145876
Si  -0.290051 -0.585438 -0.148373
Si  -0.287868 -0.579557 -0.437561
Si  0.286523 -0.009415 0.141590
Si  -0.291051 0.000143 0.145876
Si  0.290051 0.585438 0.148373
# ID 1
CELL_PARAMETERS angstrom
4.528942 0.000000 0.000000
0.000000 4.528942 0.000000
0.000000 0.000000 9.333447
ATOMIC_POSITIONS crystal
Si  0.000000 0.000000 0.000000
Si  0.000000 0.000000 0.500000
Si  0.000000 0.000000 0.250000
Si  0.000000 0.000000 0.750000
Si  0.746740 0.500000 0.000000
Si  -0.746740 0.500000 0.000000
Si  0.500000 0.746740 0.500000
Si  0.500000 -0.746740 0.500000
# ID 10
CELL_PARAMETERS angstrom
-3.322881 3.322881 2.630019
3.322881 -3.322881 2.630019
3.322881 3.322881 -2.630019
ATOMIC_POSITIONS crystal
Si  0.375181 0.124999 0.250182
Si  0.875186 0.625000 0.250186
Si  1.374814 0.625000 0.749814
Si  0.874817 0.124999 0.749818
Si  0.375000 0.625186 0.250186
Si  0.375000 1.124814 0.749814
Si  0.875001 1.125183 1.250182
Si  0.875001 0.624819 0.749818
# ID 12
CELL_PARAMETERS angstrom
-4.182828 -4.182828 0.000000
-4.182828 0.000000 -4.182828
0.000000 -4.182828 -4.182828
ATOMIC_POSITIONS crystal
Si  0.711920 0.711920 -0.711920
Si  -0.711920 -0.711920 0.711920
Si  0.711920 -0.711920 0.711920
Si  -0.711920 0.711920 -0.711920
Si  -0.711920 0.711920 0.711920
Si  0.711920 -0.711920 -0.711920
Si  0.750000 0.750000 0.750000
Si  0.000000 0.000000 0.000000
# ID 13
CELL_PARAMETERS angstrom
5.467623 -0.000003 0.000008
-0.000003 5.467623 -0.000008
0.000009 -0.000009 5.470258
ATOMIC_POSITIONS crystal
Si  1.000010 0.750001 0.125006
Si  1.499992 -0.250044 0.625022
Si  -0.500007 1.250010 0.124980
Si  -0.999996 -0.749966 0.624992
Si  0.750001 1.000010 -0.125006
Si  -0.749966 -0.999996 0.375008
Si  -0.250044 1.499992 0.374978
Si  1.250010 -0.500007 0.875020
# ID 14
CELL_PARAMETERS angstrom
-3.747611 3.747611 3.747611
3.747611 -3.747611 3.747611
3.747611 3.747611 -3.747611
ATOMIC_POSITIONS crystal
Si  1.680066 1.680066 1.680066
Si  -1.680066 0.000000 0.000000
Si  0.000000 -1.680066 0.000000
Si  0.000000 0.000000 -1.680066
Si  0.319933 0.319933 0.319933
Si  -0.319933 0.000000 0.000000
Si  0.000000 -0.319933 0.000000
Si  0.000000 0.000000 -0.319933
# ID 11
CELL_PARAMETERS angstrom
2.395390 -4.593718 0.163090
-2.767624 -0.416853 4.715253
-0.785467 -0.147722 -9.909443
ATOMIC_POSITIONS crystal
Si  0.490347 0.341200 0.170970
Si  0.490346 0.341297 0.670534
Si  0.191549 0.739854 0.737840
Si  0.193351 -0.354111 -0.544969
Si  0.191440 -0.261155 0.237367
Si  0.193390 0.644925 -0.045417
Si  0.894379 1.043723 0.521489
Si  0.894393 1.043464 1.021785
# ID 15
CELL_PARAMETERS angstrom
-3.390215 -4.660341 -0.000206
-3.390324 -0.000088 -4.657925
-0.000180 -4.660503 -4.657941
ATOMIC_POSITIONS crystal
Si  -0.555417 0.555354 0.555351
Si  0.015202 0.484227 -0.015412
Si  -0.484021 -0.015562 0.484289
Si  -0.306888 0.161907 0.806783
Si  -0.661624 0.806978 0.161697
Si  0.086516 -0.086586 -0.086508
Si  -0.055026 0.055262 1.413423
Si  -1.413681 1.413357 0.055316
# ID 7
CELL_PARAMETERS angstrom
3.749168 -5.398018 -0.104081
-3.748340 0.096874 5.398096
-0.003580 -0.192055 -10.794786
ATOMIC_POSITIONS crystal
Si  0.964604 0.785177 0.528624
Si  0.964535 1.143888 1.208026
Si  1.035568 1.215037 1.458270
Si  1.035576 0.856145 1.778797
Si  0.714487 1.893963 1.458146
Si  -0.714627 -1.894020 -0.471379
Si  0.714575 -0.464836 0.778712
Si  -0.714718 0.464646 1.207994
# ID 17
CELL_PARAMETERS angstrom
-3.294419 3.294419 3.389692
3.294419 -3.294419 3.389692
3.294419 3.294419 -3.389692
ATOMIC_POSITIONS crystal
Si  0.470391 0.470391 0.000000
Si  1.292615 0.792615 0.500000
Si  0.792615 1.292615 0.500000
Si  0.863366 1.363233 1.141541
Si  0.221692 -0.278174 -1.141541
Si  1.363233 0.221692 0.499866
Si  -0.278174 0.863366 -0.499866
Si  1.115929 1.115929 0.000000
# ID 16
CELL_PARAMETERS angstrom
-3.301228 -4.609101 -0.065472
-3.302007 0.107287 -4.727308
0.029272 -4.602706 -4.776486
ATOMIC_POSITIONS crystal
Si  -0.098224 0.187370 0.062523
Si  0.207128 -0.009061 1.760559
Si  0.168521 1.384074 0.364389
Si  1.474347 0.187151 0.063031
Si  0.470556 -0.311288 0.259384
Si  -0.332852 0.488549 -0.435457
Si  -0.094999 0.685988 -0.134105
Si  0.708858 -0.114359 0.560657
# ID 19
CELL_PARAMETERS angstrom
9.083021 0.000000 0.000000
0.000000 9.083021 0.000000
0.000000 0.000000 4.698700
ATOMIC_POSITIONS crystal
Si  0.000000 0.000000 0.250000
Si  0.000000 0.000000 0.750000
Si  0.500000 0.000000 0.250000
Si  0.000000 0.500000 0.750000
Si  0.741906 -0.000000 0.250000
Si  -0.741906 0.000000 0.250000
Si  0.000000 -0.741906 0.750000
Si  0.000000 0.741906 0.750000
# ID 18
CELL_PARAMETERS angstrom
6.757582 0.000000 0.000000
0.000000 7.807815 0.000000
0.000000 0.000000 8.465798
ATOMIC_POSITIONS crystal
Si  0.333384 0.249819 0.500870
Si  0.666616 0.249819 0.500870
Si  0.333384 0.750181 0.500870
Si  0.666616 0.750181 0.500870
Si  0.833465 0.000000 0.498636
Si  1.166701 0.500000 -0.500376
Si  -0.166701 0.500000 -0.500376
Si  -0.833465 0.000000 0.498636
