  Struc_ID    k-points
         0  [[3, 3, 3], [4, 4, 4]]
         1  [[3, 3, 3], [3, 3, 3]]
         2  [[3, 3, 2], [4, 4, 3]]
         3  [[3, 3, 3], [3, 3, 3]]
         4  [[2, 2, 2], [2, 2, 3]]
         5  [[3, 3, 3], [4, 4, 4]]
         6  [[3, 3, 3], [3, 3, 3]]
         7  [[2, 2, 2], [2, 2, 2]]
         8  [[2, 2, 2], [2, 2, 2]]
         9  [[2, 2, 2], [3, 3, 3]]
        10  [[3, 3, 2], [4, 4, 3]]
        11  [[2, 2, 2], [3, 3, 3]]
        12  [[3, 3, 2], [4, 4, 3]]
        13  [[2, 2, 2], [3, 3, 3]]
        14  [[2, 2, 2], [3, 3, 3]]
        15  [[3, 3, 3], [3, 3, 3]]
        16  [[3, 3, 3], [3, 3, 3]]
        17  [[3, 2, 3], [3, 3, 4]]
        18  [[3, 2, 3], [3, 3, 4]]
        19  [[2, 2, 2], [2, 2, 2]]
