  Struc_ID    Select 1      Select 2      Select 3      Select 4  
         0    2.74932281    2.87830471    2.65321673    2.60251537
         1    2.74932281    2.85906845    2.84205445              
         2    2.74932281    2.85315504    2.74951219    2.73373915
         3                                                        
         4    2.74932281                                          
         5                                                        
         6    2.74932281    2.92491321                            
         7    2.74932281                                          
         8    2.74932281    2.92045055                            
         9    2.74932281    2.92185066    2.96118865              
