  Struc_ID    Select 1      Select 2      Select 3      Select 4  
         0    0.03889923    0.06972477    0.07655089    0.07172495
         1    0.03889923    0.07213499    0.09483427              
         2    0.03889923    0.06300247    0.04812805    0.03838375
         3                                                        
         4    0.03889923                                          
         5                                                        
         6    0.03889923    0.07738436                            
         7    0.03889923                                          
         8    0.03889923    0.07686219                            
         9    0.03889923    0.07613826    0.11650988              
