# ID 0
<Atoms.UnitVectors
9.325990 -1.145260 -0.187500
-5.674750 7.563730 -1.083450
0.406590 -1.068680 6.983240
Atoms.UnitVectors>
<Atoms.SpeciesAndCoordinates
1 Si  0.244379 0.087850 0.103991 2.0 2.0
2 Si  0.235720 0.729834 0.236479 2.0 2.0
3 Si  0.071055 0.211817 0.464754 2.0 2.0
4 Si  0.475726 0.714717 0.265406 2.0 2.0
5 Si  0.653142 0.529586 0.725064 2.0 2.0
6 Si  0.405376 0.082556 0.352535 2.0 2.0
7 Si  0.003217 0.566291 0.435570 2.0 2.0
8 Si  0.915384 0.081769 0.908795 2.0 2.0
9 Si  0.690527 0.775171 0.015156 2.0 2.0
10 Si  0.216072 0.342602 0.197155 2.0 2.0
11 Si  0.735171 0.299944 0.567313 2.0 2.0
12 Si  0.776502 0.074323 0.604528 2.0 2.0
13 Si  0.871007 0.708534 0.493941 2.0 2.0
14 Si  0.318350 0.236836 0.603752 2.0 2.0
15 Si  0.939701 0.883763 0.253265 2.0 2.0
16 Si  0.109443 0.003625 0.773646 2.0 2.0
Atoms.SpeciesAndCoordinates>
# ID 1
<Atoms.UnitVectors
-5.981230 -5.996350 -0.016590
-4.712660 -0.287090 -5.002370
-0.116660 -6.829850 -6.975670
Atoms.UnitVectors>
<Atoms.SpeciesAndCoordinates
1 Si  0.406227 0.380832 0.279916 2.0 2.0
2 Si  0.647259 0.668729 0.703782 2.0 2.0
3 Si  0.009155 0.061092 0.428873 2.0 2.0
4 Si  0.644326 0.361706 0.011853 2.0 2.0
5 Si  0.966335 0.733633 0.847112 2.0 2.0
6 Si  0.483257 0.934309 0.474249 2.0 2.0
7 Si  0.431013 0.046918 0.002290 2.0 2.0
8 Si  0.984317 0.402686 0.628847 2.0 2.0
9 Si  0.700429 0.979022 0.722394 2.0 2.0
10 Si  0.133041 0.701960 0.374175 2.0 2.0
11 Si  0.980442 0.347932 0.900269 2.0 2.0
12 Si  0.144845 0.939986 0.066447 2.0 2.0
13 Si  0.638496 0.912572 0.180566 2.0 2.0
14 Si  0.199631 0.316267 0.180064 2.0 2.0
15 Si  0.983318 0.718338 0.083411 2.0 2.0
16 Si  0.146519 0.994335 0.613153 2.0 2.0
Atoms.SpeciesAndCoordinates>
# ID 2
<Atoms.UnitVectors
7.711120 -1.099990 -0.000010
-1.099990 7.711120 0.000000
-0.000010 0.000010 5.213650
Atoms.UnitVectors>
<Atoms.SpeciesAndCoordinates
1 Si  0.778055 0.778141 0.250000 2.0 2.0
2 Si  0.866938 0.132639 0.250003 2.0 2.0
3 Si  0.133062 0.867361 0.249997 2.0 2.0
4 Si  0.221945 0.221858 0.250000 2.0 2.0
5 Si  0.778142 0.778054 0.750000 2.0 2.0
6 Si  0.221858 0.221946 0.750000 2.0 2.0
7 Si  0.132640 0.866938 0.749997 2.0 2.0
8 Si  0.867360 0.133062 0.750003 2.0 2.0
9 Si  0.185083 0.536631 0.249999 2.0 2.0
10 Si  0.814917 0.463369 0.250001 2.0 2.0
11 Si  0.536630 0.185083 0.750002 2.0 2.0
12 Si  0.463370 0.814917 0.749998 2.0 2.0
13 Si  0.814577 0.463054 0.750001 2.0 2.0
14 Si  0.185423 0.536946 0.749999 2.0 2.0
15 Si  0.463055 0.814577 0.249998 2.0 2.0
16 Si  0.536945 0.185423 0.250002 2.0 2.0
Atoms.SpeciesAndCoordinates>
# ID 3
<Atoms.UnitVectors
6.842510 -0.000070 0.000000
-0.000070 6.842520 0.000000
0.000000 0.000000 6.912660
Atoms.UnitVectors>
<Atoms.SpeciesAndCoordinates
1 Si  0.000000 0.000000 0.686082 2.0 2.0
2 Si  0.000000 1.000000 0.040746 2.0 2.0
3 Si  0.322239 0.822153 0.112852 2.0 2.0
4 Si  0.677761 0.177847 0.112852 2.0 2.0
5 Si  0.177846 0.322242 0.112866 2.0 2.0
6 Si  0.822154 0.677758 0.112866 2.0 2.0
7 Si  0.677888 0.822282 0.613408 2.0 2.0
8 Si  0.322112 0.177718 0.613408 2.0 2.0
9 Si  0.177720 0.677889 0.613421 2.0 2.0
10 Si  0.822280 0.322111 0.613421 2.0 2.0
11 Si  0.000000 0.500000 0.363140 2.0 2.0
12 Si  0.500000 0.000000 0.363129 2.0 2.0
13 Si  0.000000 0.500000 0.863150 2.0 2.0
14 Si  0.500000 1.000000 0.863130 2.0 2.0
15 Si  0.500000 0.500000 0.040222 2.0 2.0
16 Si  0.500000 0.500000 0.685536 2.0 2.0
Atoms.SpeciesAndCoordinates>
# ID 4
<Atoms.UnitVectors
9.389990 0.056760 -0.137200
-4.614200 8.105660 -0.117210
0.028670 0.110250 5.127640
Atoms.UnitVectors>
<Atoms.SpeciesAndCoordinates
1 Si  0.332946 0.668046 0.525551 2.0 2.0
2 Si  0.331376 0.666502 0.975728 2.0 2.0
3 Si  0.667054 0.331954 0.474449 2.0 2.0
4 Si  0.668624 0.333498 0.024272 2.0 2.0
5 Si  0.935900 0.328203 0.816166 2.0 2.0
6 Si  0.667850 0.601076 0.814048 2.0 2.0
7 Si  0.404396 0.071832 0.812063 2.0 2.0
8 Si  0.396013 0.333564 0.687852 2.0 2.0
9 Si  0.927475 0.596681 0.681157 2.0 2.0
10 Si  0.671934 0.065429 0.684875 2.0 2.0
11 Si  0.064100 0.671797 0.183834 2.0 2.0
12 Si  0.332150 0.398925 0.185952 2.0 2.0
13 Si  0.595604 0.928167 0.187936 2.0 2.0
14 Si  0.603987 0.666436 0.312149 2.0 2.0
15 Si  0.072525 0.403320 0.318843 2.0 2.0
16 Si  0.328066 0.934570 0.315125 2.0 2.0
Atoms.SpeciesAndCoordinates>
