  Struc_ID    Select 1      Select 2      Select 3      Select 4  
         0    2.53719767    2.40939477    2.55132732    2.34466418
         1    2.60822293    2.52250720    2.82786879              
         2    2.55625682    2.88302357    2.95777722    3.06851773
         3                                                        
         4    2.85172786                                          
         5                                                        
         6    2.53079882    3.40461845                            
         7    2.67858364                                          
         8    2.31821614    3.01440375                            
         9    2.53451514    3.05377418    3.18541872              
